-4.0 -4.0
-3.971888542175293 -3.9757680892944336
-3.9527148246765136 -3.9597253799438477
-3.942399787902832 -3.936952590942383
-3.9324909210205075 -3.9140001296997067
-3.92897253036499 -3.8892490386962892
-3.9250439643859862 -3.864559555053711
-3.923405647277832 -3.839613342285156
-3.9215011596679688 -3.8146860122680666
-3.9204368591308594 -3.7897087097167965
-3.9192288398742674 -3.7647378921508787
-3.9184021949768066 -3.7397514343261715
-3.917488956451416 -3.7147682189941404
-3.9167958259582516 -3.6897777557373046
-3.916045093536377 -3.664789009094238
-3.9154452323913573 -3.639796257019043
-3.914804744720459 -3.6148044586181642
-3.914277935028076 -3.589809989929199
-3.9137215614318848 -3.5648162841796873
-3.9132551193237304 -3.5398204803466795
-3.912766933441162 -3.5148254394531246
-3.912352275848389 -3.489828872680664
-3.9119215965270993 -3.464832496643066
-3.9115530967712404 -3.4398351669311524
-3.911174488067627 -3.4148380279541013
-3.910852336883545 -3.3898401260375977
-3.9105301856994625 -3.3648422241210936
-3.9102706909179688 -3.3398435592651365
-3.9100392341613768 -3.3148447036743165
-3.909911727905273 -3.2898448944091796
-3.909902000427246 -3.2648448944091797
-3.9101545333862306 -3.2398462295532227
-3.910831642150879 -3.21485538482666
-3.9123461723327635 -3.189901351928711
-3.9154178619384767 -3.165090751647949
-3.9271298408508297 -3.1430038452148437
-3.9427682876586916 -3.1234991073608396
-3.9633630752563476 -3.1093267440795898
-3.9466793060302736 -3.0907081604003905
-3.933873176574707 -3.0692371368408202
-3.9297530174255373 -3.0445791244506832
-3.9257283210754395 -3.0199050903320312
-3.922639560699463 -2.9950965881347655
-3.919430732727051 -2.970303535461426
-3.916550350189209 -2.94547004699707
-3.91323299407959 -2.920691108703613
-3.9111330032348635 -2.8957794189453123
-3.9076211929321287 -2.8710271835327146
-3.8935726165771483 -2.850347900390625
-3.8878955841064453 -2.8260009765625
-3.881736373901367 -2.801771545410156
-3.875107192993164 -2.777666473388672
-3.867608070373535 -2.7538177490234372
-3.860098648071289 -2.729972267150879
-3.8416051864624023 -2.713149833679199
-3.8293087005615236 -2.6913829803466793
-3.815048599243164 -2.670848846435547
-3.805494689941406 -2.647746467590332
-3.7887685775756834 -2.629166030883789
-3.77285213470459 -2.60988712310791
-3.7486898422241213 -2.6034698486328125
-3.7304336547851564 -2.5863903045654295
-3.7118209838867187 -2.5697000503540037
-3.6893026351928713 -2.558840751647949
-3.6705661773681637 -2.542289352416992
-3.6513797760009767 -2.5262619018554684
-3.6311346054077145 -2.5115943908691403
-3.6125114440917967 -2.494915771484375
-3.5927576065063476 -2.479592895507812
-3.5730144500732424 -2.4642564773559568
-3.5546045303344727 -2.4473426818847654
-3.535300445556641 -2.431457138061523
-3.5159225463867188 -2.41566162109375
-3.4969715118408202 -2.399356651306152
-3.4778373718261717 -2.3832664489746094
-3.4585514068603516 -2.3673589706420897
-3.4385446548461913 -2.3523681640625
-3.419593048095703 -2.3360635757446286
-3.400362968444824 -2.3200883865356445
-3.3805372238159177 -2.3048589706420897
-3.361903762817383 -2.288191986083984
-3.3422109603881833 -2.2727905273437496
-3.322660446166992 -2.2572093963623043
-3.3042642593383786 -2.240280532836914
-3.2854385375976562 -2.2238311767578125
-3.2666481018066404 -2.2073410034179686
-3.249094581604004 -2.189540100097656
-3.2314992904663087 -2.1717803955078123
-3.2140201568603515 -2.15390625
-3.2026201248168946 -2.1316566467285156
-3.193318176269531 -2.1084518432617188
-3.1711088180541993 -2.0969738006591796
-3.1504722595214845 -2.0828624725341793
-3.1318933486938474 -2.0661346435546872
-3.1153047561645506 -2.047431182861328
-3.0974802017211913 -2.0299015045166016
-3.0797769546508786 -2.0122493743896483
-3.062799835205078 -1.993898010253906
-3.045425224304199 -1.975922393798828
-3.0280256271362305 -1.9579711914062496
-3.0109231948852537 -1.9397361755371092
-2.9936473846435545 -1.921665573120117
-2.9762807846069332 -1.9036823272705075
-2.959038925170898 -1.8855792999267575
-2.9414657592773437 -1.867797470092773
-2.924179458618164 -1.8497371673583984
-2.9067970275878903 -1.8317691802978513
-2.889169883728027 -1.8140411376953125
-2.8717830657958983 -1.7960773468017575
-2.854326629638672 -1.7781810760498047
-2.836690330505371 -1.760462188720703
-2.819244384765625 -1.7425556182861328
-2.8017454147338867 -1.7247013092041015
-2.7841114044189452 -1.7069801330566405
-2.7666278839111325 -1.6891101837158202
-2.7489650726318358 -1.6714176177978515
-2.7313318252563477 -1.6536956787109371
-2.7138179779052733 -1.6358554840087889
-2.6961601257324217 -1.6181583404541016
-2.678529739379883 -1.600433349609375
-2.660993957519531 -1.5826148986816406
-2.6434053421020507 -1.5648487091064451
-2.6253389358520507 -1.5475685119628904
-2.6074676513671875 -1.5300865173339844
-2.590732383728027 -1.5115142822265621
-2.5697235107421874 -1.4979633331298823
-2.548599624633789 -1.4845924377441406
-2.5289846420288082 -1.4690921783447264
-2.5173913955688474 -1.4469429016113278
-2.5027755737304687 -1.4266605377197266
-2.4796392440795896 -1.4171886444091797
-2.4565456390380858 -1.407613754272461
-2.45275821685791 -1.3829021453857422
-2.430588150024414 -1.371348571777344
-2.4083328247070312 -1.3599597930908205
-2.3843532562255856 -1.3528907775878904
-2.365020751953125 -1.3370395660400387
-2.3441089630126952 -1.3233390808105465
-2.323328590393066 -1.3094402313232418
-2.3038423538208006 -1.2937789916992184
-2.2834083557128904 -1.2793758392333983
-2.2628742218017575 -1.265115737915039
-2.2429962158203125 -1.2499546051025385
-2.222821044921875 -1.2351905822753908
-2.2023876190185545 -1.2207870483398438
-2.1814041137695312 -1.2071968078613278
-2.1613109588623045 -1.19232177734375
-2.1404193878173827 -1.178590393066406
-2.1194599151611326 -1.1649635314941404
-2.097808456420898 -1.1524646759033201
-2.076819610595703 -1.1388832092285153
-2.0555580139160154 -1.125732040405273
-2.033680725097656 -1.1136333465576174
-2.0128707885742188 -1.0997783660888674
-1.9911678314208983 -1.0873691558837892
-1.9693206787109374 -1.075216674804687
-1.946809387207031 -1.06434211730957
-1.9263580322265623 -1.0499641418457033
-1.9046760559082028 -1.0375183105468748
-1.8842472076416015 -1.0231075286865234
-1.8623737335205077 -1.0110019683837885
-1.8390590667724607 -1.0019783020019526
-1.828653335571289 -0.9792469024658201
-1.8159397125244139 -0.9577209472656252
-1.7909477233886717 -0.9570995330810543
-1.7664291381835935 -0.9619819641113283
-1.7596027374267575 -0.9379322052001955
-1.7518432617187498 -0.9141670227050778
-1.7274902343749998 -0.9085151672363283
-1.720376968383789 -0.8845485687255854
-1.7182968139648436 -0.8596351623535154
-1.6953208923339842 -0.8497810363769531
-1.6739742279052732 -0.8367683410644533
-1.6554718017578125 -0.8199562072753901
-1.6557029724121093 -0.7949569702148436
-1.642588424682617 -0.7736732482910158
-1.6298152923583982 -0.7521823883056635
-1.6103946685791013 -0.7364391326904292
-1.594461441040039 -0.7171745300292969
-1.5884243011474606 -0.6929145812988278
-1.5845211029052733 -0.6682209014892573
-1.5908683776855468 -0.6440402984619134
-1.6035602569580076 -0.6225013732910156
-1.5950992584228514 -0.5989768981933592
-1.5867469787597654 -0.5754131317138667
-1.5785102844238281 -0.551808929443359
-1.5616790771484372 -0.5333236694335932
-1.550002288818359 -0.5112182617187493
-1.5548549652099606 -0.48669357299804616
-1.5466583251953123 -0.4630756378173828
-1.5388721466064452 -0.4393188476562493
-1.531148529052734 -0.41554183959960866
-1.5235473632812497 -0.3917255401611328
-1.5159873962402344 -0.3678958892822264
-1.4988830566406248 -0.3496631622314448
-1.4858337402343746 -0.32833900451660103
-1.4767063140869139 -0.30506477355956996
-1.4798412322998047 -0.28026237487792915
-1.4834964752197264 -0.25553092956542933
-1.486368560791015 -0.23069648742675763
-1.4896007537841793 -0.20590629577636665
-1.4926105499267575 -0.18108825683593732
-1.4959777832031245 -0.1563159942626946
-1.4993755340576174 -0.1315479278564453
-1.5042442321777343 -0.1070266723632809
-1.5140121459960936 -0.08401374816894513
-1.529627990722656 -0.06449089050292933
-1.5499999999999998 -0.04999999999999982
-1.5999999999999996 0.0
-1.600000023841858 0.0
-1.5748989105224607 0.03134651184082049
-1.5730628967285156 0.05627899169921946
-1.5680656433105469 0.08077430725097656
-1.5715915679931638 0.10552444458007848
-1.580903625488281 0.12872543334960973
-1.5843128204345702 0.1534915924072271
-1.5887424468994138 0.17809638977050835
-1.5923915863037106 0.20282859802246112
-1.596847915649414 0.22742805480957085
-1.6014556884765625 0.25199966430664134
-1.607453918457031 0.27626953125000053
-1.6143295288085935 0.30030555725097674
-1.6228706359863279 0.323801422119141
-1.6331806182861328 0.3465763092041021
-1.6447845458984371 0.3687198638916023
-1.6577522277832029 0.3900939941406252
-1.67111701965332 0.41122169494628924
-1.6853084564208984 0.431803131103516
-1.6996276855468748 0.4522960662841804
-1.714738082885742 0.47221298217773455
-1.7305114746093748 0.49160881042480487
-1.7462825775146484 0.511006546020508
-1.7625965118408202 0.5299499511718757
-1.7793556213378903 0.5485008239746101
-1.796045684814453 0.5671138763427734
-1.8131576538085934 0.5853393554687507
-1.830190277099609 0.6036396026611328
-1.8475624084472653 0.6216175079345705
-1.8652942657470701 0.639240646362305
-1.882955169677734 0.6569351196289066
-1.9009159088134764 0.6743251800537111
-1.919205856323242 0.6913688659667976
-1.9374286651611325 0.7084842681884771
-1.956050109863281 0.7251644134521484
-1.9752326965332028 0.7411968231201174
-1.9943988800048826 0.7572486877441413
-2.014167022705078 0.772552490234375
-2.034503555297851 0.7870929718017585
-2.0546344757080077 0.8019168853759773
-2.074969863891601 0.8164588928222658
-2.0954940795898436 0.8307334899902346
-2.116238021850586 0.8446865081787109
-2.1368690490722653 0.8588062286376958
-2.157780838012695 0.8725059509277351
-2.1790565490722655 0.8856338500976566
-2.2006153106689452 0.8982917785644533
-2.2218860626220702 0.9114280700683599
-2.2432907104492186 0.9243446350097662
-2.2647731781005858 0.9371315002441412
-2.2860763549804686 0.950215148925782
-2.307455062866211 0.963174438476563
-2.3288816452026366 0.9760543823242189
-2.3503541946411133 0.9888580322265632
-2.3717031478881836 1.0018669128417974
-2.393095207214355 1.0148040771484377
-2.4145147323608396 1.0276962280273443
-2.435954475402832 1.0405548095703132
-2.4573192596435547 1.053536987304688
-2.4787107467651364 1.066475677490235
-2.500128936767578 1.0793701171875005
-2.5215682983398438 1.0922286987304695
-2.542951965332031 1.1051803588867193
-2.564361000061035 1.1180900573730472
-2.58579158782959 1.1309631347656257
-2.6072393417358395 1.143807983398438
-2.628638458251953 1.1567344665527344
-2.65005931854248 1.1696235656738283
-2.6714931488037106 1.1824920654296882
-2.692938995361328 1.1953399658203132
-2.7143457412719725 1.2082534790039068
-2.7357666015624997 1.2211433410644537
-2.7571990966796873 1.2340141296386724
-2.7786378860473633 1.2468742370605472
-2.8000474929809567 1.2597824096679693
-2.8214658737182616 1.2726760864257818
-2.8428930282592773 1.2855552673339847
-2.864324951171875 1.2984268188476564
-2.8857318878173825 1.311339569091797
-2.9071481704711912 1.3242370605468752
-2.9285709381103513 1.3371238708496094
-2.9499999999999997 1.3500000000000005
-3.0 1.399999976158142
-3.015142250061035 1.3699211120605472
-3.0243251800537108 1.346669006347657
-3.0368289947509766 1.325020599365235
-3.051864433288574 1.3050468444824226
-3.0669153213500975 1.28508529663086
-3.082048988342285 1.2651863098144531
-3.0972707748413084 1.2453544616699226
-3.112554931640625 1.2255706787109375
-3.1278234481811524 1.2057754516601564
-3.1431570053100586 1.1860298156738285
-3.158521270751953 1.1663085937500002
-3.173861503601074 1.1465682983398438
-3.1892482757568357 1.1268638610839847
-3.204644393920898 1.107167053222657
-3.220041847229004 1.087471771240235
-3.2354536056518555 1.0677871704101562
-3.250867462158203 1.048104095458985
-3.2662925720214844 1.0284301757812502
-3.2817140579223634 1.0087539672851564
-3.2971475601196287 0.9890861511230469
-3.3125844955444337 0.96942138671875
-3.3280073165893556 0.9497459411621101
-3.343448448181152 0.930084228515625
-3.358888053894043 0.9104217529296879
-3.374323844909668 0.8907558441162111
-3.389765930175781 0.8710952758789068
-3.405201721191406 0.851429748535157
-3.420633888244629 0.8317611694335945
-3.4360593795776366 0.8120876312255865
-3.4514631271362304 0.7923969268798832
-3.4668249130249023 0.772673416137696
-3.4821544647216798 0.7529247283935554
-3.497404098510742 0.7331146240234379
-3.5125782012939455 0.713246154785157
-3.5276630401611326 0.6933101654052738
-3.5426525115966796 0.6733024597167976
-3.557575988769531 0.6532451629638674
-3.572347068786621 0.6330753326416021
-3.587016296386719 0.6128314971923832
-3.601597213745117 0.5925239562988285
-3.6159946441650392 0.5720859527587896
-3.6302774429321287 0.5515678405761726
-3.644370460510254 0.5309185028076175
-3.6583160400390624 0.5101696014404302
-3.6719955444335937 0.4892440795898443
-3.685428810119629 0.468159866333008
-3.698726844787598 0.44699020385742205
-3.71158275604248 0.4255489349365238
-3.7241186141967773 0.4039188385009771
-3.7350208282470705 0.38142127990722674
-3.7461479187011717 0.3590339660644535
-3.757738494873047 0.33688316345214897
-3.7691511154174804 0.31464042663574254
-3.779512023925781 0.2918884277343752
-3.788473129272461 0.2685497283935554
-3.7989036560058596 0.2458293914794929
-3.809438133239746 0.22315750122070366
-3.819837760925293 0.20042304992675852
-3.826762390136719 0.17640113830566406
-3.8306806564331053 0.15171012878418022
-3.8344095230102537 0.12698974609375036
-3.8388484954833983 0.10238723754882884
-3.845988464355469 0.07842826843261719
-3.8545726776123046 0.05494842529296928
-3.8631320953369137 0.03145904541015643
-3.871683120727539 0.007966995239257812
-3.8780338287353517 -0.01621284484863228
-3.8815231323242188 -0.04096832275390572
-3.8837991714477536 -0.06586418151855433
-3.885695075988769 -0.09079246520996076
-3.88787727355957 -0.11569671630859357
-3.8911748886108395 -0.14047851562499947
-3.8968095779418945 -0.1648353576660151
-3.9049081802368164 -0.18848724365234304
-3.912506866455078 -0.21230430603027273
-3.9149866104125977 -0.23718109130859322
-3.9139430046081545 -0.2621593475341797
-3.9148082733154297 -0.2871444702148436
-3.919376850128174 -0.3117233276367184
-3.93084077835083 -0.3339397430419915
-3.95 -0.34999999999999964
-4.0 -0.39999999999999947
-4.0 -0.4000000059604645
-3.965406513214111 -0.415232467651367
-3.9553388595581054 -0.4381156921386715
-3.9441586494445797 -0.4604763031005854
-3.932008457183838 -0.4823253631591795
-3.9193556785583494 -0.5038871765136719
-3.906387996673584 -0.5252609252929688
-3.898345375061035 -0.5489318847656248
-3.8902870178222653 -0.5725975036621094
-3.88205623626709 -0.5962036132812498
-3.873006057739258 -0.619507980346679
-3.862656021118164 -0.6422649383544918
-3.8503015518188475 -0.6639987945556634
-3.840851974487305 -0.687144088745117
-3.832142639160156 -0.7105781555175783
-3.8217742919921873 -0.7333267211914061
-3.809375 -0.7550350189208981
-3.7970182418823244 -0.7767677307128906
-3.787472152709961 -0.7998733520507812
-3.776173973083496 -0.822174835205078
-3.7628370285034176 -0.8433204650878903
-3.7471927642822265 -0.8628204345703123
-3.7334640502929686 -0.8837135314941404
-3.7197574615478515 -0.9046211242675781
-3.6999591827392577 -0.9198863983154295
-3.683100318908691 -0.9383468627929688
-3.6663284301757812 -0.9568859100341793
-3.6459539413452147 -0.9713729858398432
-3.6277978897094725 -0.9885589599609377
-3.6101076126098635 -1.0062240600585932
-3.5886655807495114 -1.0190788269042965
-3.5692489624023436 -1.0348262786865234
-3.5506565093994142 -1.0515392303466795
-3.530401802062988 -1.0661937713623049
-3.519087028503418 -1.0884864807128904
-3.495535469055176 -1.09687271118164
-3.4746374130249023 -1.1105937957763672
-3.468169593811035 -1.1347427368164062
-3.4452436447143553 -1.1447128295898432
-3.4249549865722657 -1.1593200683593752
-3.4185052871704102 -1.1834739685058588
-3.395743179321289 -1.1938125610351564
-3.374111557006836 -1.2063453674316404
-3.361350440979004 -1.2278430938720701
-3.3400854110717773 -1.2409885406494139
-3.319275093078613 -1.254842376708984
-3.2971765518188474 -1.2665325164794918
-3.2809110641479493 -1.2855175018310545
-3.2707542419433593 -1.308361434936523
-3.2490615844726562 -1.3207885742187502
-3.2290006637573243 -1.3357067108154297
-3.2113286972045896 -1.3533901214599604
-3.196695518493652 -1.3736598968505858
-3.1794496536254884 -1.3917591094970705
-3.161703872680664 -1.4093685150146484
-3.1435165405273438 -1.4265216827392573
-3.125832939147949 -1.444193267822265
-3.108384132385254 -1.462096786499023
-3.0906198501586912 -1.4796874999999998
-3.0731098175048825 -1.4975311279296877
-3.0557065963745114 -1.5154792785644529
-3.0381296157836912 -1.5332569122314452
-3.02071475982666 -1.551193618774414
-3.0033740997314453 -1.5692020416259762
-2.985943031311035 -1.5871227264404295
-2.9686080932617185 -1.6051364898681637
-2.951314926147461 -1.6231906890869139
-2.933956527709961 -1.6411819458007812
-2.916653251647949 -1.6592262268066404
-2.8992301940917966 -1.6771549224853515
-2.8818901062011717 -1.6951637268066406
-2.864587020874023 -1.7132083892822263
-2.8471895217895504 -1.7311618804931639
-2.8298637390136716 -1.7491844177246092
-2.812562561035156 -1.7672306060791012
-2.7951887130737303 -1.7852069854736325
-2.7778707504272457 -1.803237152099609
-2.7605737686157226 -1.8212875366210937
-2.743221664428711 -1.839284896850586
-2.7259113311767575 -1.8573223114013668
-2.7086204528808593 -1.8753787994384763
-2.691287803649902 -1.8933948516845702
-2.6739860534667965 -1.9114406585693358
-2.656702423095703 -1.9295036315917966
-2.6394544601440426 -1.947600936889648
-2.622194290161133 -1.9656864166259762
-2.6049264907836913 -1.9837646484375
-2.5887088775634766 -2.0027904510498047
-2.5720884323120115 -2.0214656829833983
-2.5549997329711913 -2.0397132873535155
-2.54095344543457 -2.060394287109375
-2.525908279418945 -2.0803604125976562
-2.5093116760253906 -2.099056625366211
-2.493307876586914 -2.1182628631591793
-2.4784461975097654 -2.1383659362792966
-2.4640615463256834 -2.158813095092773
-2.450175094604492 -2.1796016693115234
-2.4304943084716797 -2.1950180053710935
-2.4155834197998045 -2.215084457397461
-2.394488906860351 -2.228501510620117
-2.37459659576416 -2.243644332885742
-2.355565071105957 -2.259855270385742
-2.3346885681152343 -2.273609161376953
-2.316977882385254 -2.2912540435791016
-2.3009138107299805 -2.3104097366333005
-2.282457733154297 -2.3272729873657223
-2.266965103149414 -2.3468938827514645
-2.2448097229003903 -2.3584760665893554
-2.2248897552490234 -2.373581886291504
-2.206455612182617 -2.390469169616699
-2.1852855682373047 -2.4037672042846676
-2.1682098388671873 -2.422027015686035
-2.155931854248047 -2.443804359436035
-2.1329593658447266 -2.453666305541992
-2.11405029296875 -2.470020294189453
-2.1042987823486325 -2.493040084838867
-2.0828849792480466 -2.505941390991211
-2.0608924865722655 -2.517829132080078
-2.035909271240234 -2.5187496185302733
-2.010910415649414 -2.518979263305664
-1.990005874633789 -2.5326908111572264
-1.9718761444091797 -2.5499042510986327
-1.9508243560791012 -2.5633890151977536
-1.9265110015869138 -2.569207382202148
-1.902033996582031 -2.5742931365966797
-1.8771354675292966 -2.5765474319458006
-1.852289581298828 -2.579317092895508
-1.8272945404052732 -2.579824638366699
-1.8024517059326168 -2.5826223373413084
-1.784882354736328 -2.600407600402832
-1.7636081695556638 -2.6135379791259763
-1.738633346557617 -2.612416076660156
-1.71365966796875 -2.6112693786621093
-1.688674163818359 -2.610419464111328
-1.6636886596679688 -2.6095626831054686
-1.6386981964111325 -2.60887393951416
-1.6137077331542966 -2.6081825256347653
-1.5887165069580078 -2.60751953125
-1.5637245178222656 -2.6068891525268554
-1.5387298583984372 -2.606368064880371
-1.5137348175048828 -2.605873870849609
-1.488738250732422 -2.605459976196289
-1.4637413024902344 -2.605068778991699
-1.4387435913085938 -2.604738426208496
-1.4137454986572262 -2.604427719116211
-1.3887470245361326 -2.6041652679443357
-1.3637481689453121 -2.6039205551147457
-1.3387489318847656 -2.6037153244018554
-1.3137496948242182 -2.60352725982666
-1.2887500762939448 -2.6033729553222655
-1.2637504577636713 -2.603235626220703
-1.238750839233398 -2.603129196166992
-1.2137508392333984 -2.6030406951904297
-1.188750839233398 -2.602981948852539
-1.1637508392333986 -2.602943229675293
-1.1387508392333983 -2.6029348373413086
-1.113750839233398 -2.602950096130371
-1.0887508392333984 -2.6029979705810544
-1.063751220703125 -2.603074264526367
-1.0387512207031246 -2.6031879425048827
-1.0137519836425781 -2.603336906433105
-0.9887527465820307 -2.6035305023193356
-0.9637538909912111 -2.603768920898437
-0.9387546539306637 -2.6035440444946287
-0.9137550354003903 -2.6036272048950195
-0.888814544677734 -2.605356216430664
-0.8639179229736325 -2.607625389099121
-0.839030838012695 -2.6100008010864255
-0.8141899108886719 -2.6128160476684568
-0.790080642700195 -2.619429588317871
-0.7656391143798826 -2.6246845245361325
-0.7442096710205073 -2.6375600814819333
-0.7231716156005854 -2.651065635681152
-0.6990192413330076 -2.6575206756591796
-0.677510833740234 -2.670263671875
-0.6625625610351555 -2.690302276611328
-0.6388893127441406 -2.69833869934082
-0.6155681610107422 -2.707345581054687
-0.59223518371582 -2.7163211822509763
-0.5706817626953118 -2.7289882659912106
-0.5475009918212885 -2.7383502960205077
-0.5244400024414055 -2.7480041503906247
-0.5010543823242184 -2.756842041015625
-0.47723312377929616 -2.7644285202026366
-0.4553829193115231 -2.776576042175293
-0.4325950622558592 -2.7868579864501952
-0.4103286743164061 -2.7982248306274413
-0.3872795104980469 -2.8079071044921875
-0.36804466247558576 -2.82387638092041
-0.3545665740966797 -2.844931983947754
-0.3312717437744137 -2.854006004333496
-0.31458587646484304 -2.8726228713989257
-0.2932975769042967 -2.885730361938476
-0.27186355590820277 -2.8985982894897457
-0.2513896942138665 -2.9129451751708983
-0.22691917419433594 -2.9180620193481444
-0.20270843505859304 -2.9242940902709957
-0.1777137756347651 -2.924819183349609
-0.15277709960937447 -2.9265991210937496
-0.13541908264160085 -2.9445905685424805
-0.11687011718749929 -2.9613515853881833
-0.09273490905761683 -2.9678707122802734
-0.06850891113281232 -2.9740423202514648
-0.04360504150390554 -2.9762340545654293
-0.018721389770507635 -2.978642082214355
0.006247711181640803 -2.979889678955078
0.03117866516113299 -2.981744003295898
0.05606498718261754 -2.9793603897094725
0.0806343078613283 -2.974740409851074
0.10009574890136719 -2.990432548522949
0.11986427307128977 -3.0057365417480466
0.14242858886718768 -3.0164997100830075
0.16737594604492223 -3.014878273010254
0.19232749938964844 -3.013321876525879
0.21730804443359375 -3.0123336791992186
0.2422927856445316 -3.011462783813476
0.2672882080078125 -3.0109849929809567
0.29228630065918004 -3.010671043395996
0.3172863006591804 -3.010700225830078
0.34228477478027397 -3.0109619140625
0.36727676391601616 -3.0115959167480466
0.3922576904296875 -3.0125711441040037
0.417215728759766 -3.0140222549438476
0.44213829040527397 -3.0159875869750974
0.4669990539550781 -3.018622589111328
0.49176445007324254 -3.022040367126465
0.5163738250732424 -3.0264411926269528
0.5407436370849616 -3.032019233703613
0.5647426605224615 -3.039023208618164
0.5881889343261726 -3.047698402404785
0.6114597320556641 -3.056835174560547
0.6347129821777351 -3.066015625
0.6579524993896486 -3.07523078918457
0.6811790466308594 -3.084479522705078
0.70439567565918 -3.0937526702880858
0.7277099609375002 -3.1027763366699217
0.7513298034667972 -3.1109682083129884
0.7752086639404299 -3.11837158203125
0.7993068695068359 -3.125025177001953
0.8235916137695316 -3.130963134765625
0.8480270385742195 -3.136246109008789
0.872587966918946 -3.140911102294922
0.897247314453125 -3.145022392272949
0.9219879150390629 -3.1486150741577146
0.9467498779296877 -3.1520551681518554
0.9715049743652351 -3.1555465698242187
0.9962516784667974 -3.159099006652832
1.0209922790527344 -3.1626871109008787
1.0457267761230469 -3.1663232803344727
1.0704574584960938 -3.16998348236084
1.0951820373535162 -3.1736812591552734
1.1199050903320318 -3.1773937225341795
1.1446235656738288 -3.1811349868774412
1.169341278076172 -3.1848834991455077
1.1940551757812505 -3.1886533737182616
1.2187690734863281 -3.1924243927001954
1.2434806823730469 -3.196210479736328
1.2681922912597656 -3.1999996185302733
1.2928474426269538 -3.204135704040527
1.3174598693847663 -3.208521842956543
1.3420242309570316 -3.213165855407715
1.3665641784667972 -3.217942810058594
1.3910675048828125 -3.2228994369506836
1.4155761718750002 -3.2278316497802733
1.4400489807128913 -3.2329385757446287
1.4645111083984377 -3.238096237182617
1.488961029052735 -3.2433141708374023
1.5134231567382814 -3.2484718322753907
1.5378257751464846 -3.253902816772461
1.5621284484863285 -3.259766387939453
1.5862739562988288 -3.266245460510254
1.6102142333984375 -3.2734487533569334
1.633860015869141 -3.2815643310546876
1.6571121215820312 -3.290747833251953
1.6799064636230474 -3.301015281677246
1.702127075195313 -3.3124721527099608
1.72470932006836 -3.3231969833374024
1.7475090026855469 -3.3334533691406247
1.770304107666016 -3.343717765808105
1.7932807922363283 -3.3535711288452146
1.8167915344238281 -3.3620710372924805
1.8405075073242188 -3.369978904724121
1.8644218444824219 -3.3772670745849607
1.8885078430175781 -3.3839649200439452
1.9127548217773445 -3.390054893493652
1.9371368408203127 -3.395579147338867
1.9616722106933597 -3.4003782272338867
1.9861465454101568 -3.4054765701293945
2.010577392578125 -3.410780334472656
2.034962463378907 -3.416292381286621
2.05931625366211 -3.421940231323242
2.0836341857910163 -3.4277383804321286
2.1079330444335938 -3.4336164474487303
2.1322067260742195 -3.439601516723633
2.1564689636230474 -3.445629692077637
2.180716705322266 -3.4517143249511717
2.204965209960938 -3.4578004837036134
2.2292320251464846 -3.4638101577758786
2.2535346984863285 -3.469672203063965
2.2778648376464847 -3.4754199981689453
2.301104736328125 -3.484634208679199
2.3252311706542974 -3.4911865234375
2.349671173095704 -3.4964466094970703
2.3741218566894533 -3.5016613006591797
2.3984817504882816 -3.507280158996582
2.420864868164063 -3.518415641784668
2.4445014953613287 -3.5265588760375977
2.4694046020507816 -3.5287622451782226
2.4943084716796875 -3.5309516906738283
2.5192832946777344 -3.5320749282836914
2.544210052490234 -3.533984756469726
2.5691772460937496 -3.5352685928344725
2.5936927795410156 -3.5401636123657223
2.612275695800781 -3.5568880081176757
2.6340202331542972 -3.5692237854003905
2.6586830139160167 -3.5733158111572267
2.683419799804687 -3.576929664611816
2.7083770751953136 -3.578392219543457
2.733327484130859 -3.579971694946289
2.758309173583985 -3.5809331893920895
2.7832618713378903 -3.582461357116699
2.808238220214845 -3.5813695907592775
2.833232879638672 -3.580831527709961
2.8503189086914062 -3.5990814208984374
2.8708572387695312 -3.6133358001708986
2.8936523437500004 -3.623600196838379
2.9185829162597656 -3.625468063354492
2.9433837890624996 -3.6286151885986326
2.967639160156251 -3.6346717834472653
2.9914169311523438 -3.6423933029174806
3.0148979187011715 -3.6509737014770507
3.0384178161621094 -3.6594482421874996
3.0621490478515625 -3.667310905456543
3.085744476318359 -3.6755727767944335
3.1093521118164062 -3.6838001251220702
3.1328605651855472 -3.6923059463500976
3.156341552734375 -3.700888442993164
3.1800399780273434 -3.7088489532470703
3.203936767578126 -3.7161947250366207
3.2279899597167976 -3.7230098724365233
3.2521842956542972 -3.7293045043945314
3.2764953613281254 -3.7351316452026366
3.300912475585937 -3.740500831604004
3.32541732788086 -3.7454511642456056
3.3499999999999996 -3.75
3.4000000000000004 -3.8
3.4000000953674316 -3.799999952316284
3.400767517089845 -3.770791435241699
3.4165466308593757 -3.751399803161621
3.431121063232423 -3.731087493896484
3.445881652832032 -3.7109102249145507
3.4608802795410156 -3.690909576416016
3.475981140136719 -3.670985221862793
3.49114990234375 -3.651112937927246
3.506379699707031 -3.631287384033203
3.521664428710938 -3.611504554748535
3.5367683410644535 -3.591582870483398
3.5520996093750004 -3.5718357086181642
3.5674591064453125 -3.5521102905273434
3.5828506469726573 -3.53240966796875
3.5981895446777354 -3.512668800354004
3.6145652770996097 -3.4937784194946286
3.630419921875001 -3.4744489669799803
3.645832061767578 -3.454764747619629
3.6660026550292972 -3.4399948120117188
3.6838737487792965 -3.422513198852539
3.6994071960449215 -3.402924346923828
3.721515655517578 -3.3912536621093747
3.740998840332031 -3.3755886077880857
3.756283569335938 -3.3558048248291015
3.7774192810058604 -3.342452621459961
3.7956375122070316 -3.325332450866699
3.803668212890626 -3.301657485961914
3.8213935852050778 -3.2840280532836914
3.835142517089844 -3.2631479263305665
3.828204345703126 -3.2391300201416016
3.851753997802735 -3.230738639831543
3.874187469482422 -3.219705772399902
3.8821029663085938 -3.1959918975830077
3.889934539794922 -3.1722503662109376
3.8928756713867188 -3.147423934936523
3.895661163330079 -3.122579574584961
3.8972732543945323 -3.0976316452026365
3.9080848693847656 -3.0750904083251953
3.918232727050782 -3.0522424697875974
3.9272537231445312 -3.0289268493652344
3.9358856201171886 -3.005464172363281
3.9438941955566413 -2.981781768798828
3.9531501770019535 -2.9585582733154294
3.961386108398438 -2.9349538803100583
3.9690422058105472 -2.9111549377441404
3.97593231201172 -2.8871231079101562
3.9823646545410156 -2.862964820861816
3.9882453918457035 -2.8386663436889648
3.993704223632813 -2.814269638061523
3.998697662353516 -2.789773368835449
4.006249237060548 -2.76594123840332
4.012997436523438 -2.7418691635131833
4.019213867187501 -2.7176544189453122
4.02497787475586 -2.6933280944824216
4.030204010009767 -2.668880271911621
4.0347747802734375 -2.6443017959594726
4.038837432861328 -2.6196340560913085
4.042215728759766 -2.5948633193969726
4.045071411132813 -2.5700269699096676
4.04717788696289 -2.545115852355957
4.048664855957032 -2.520160102844238
4.049597930908204 -2.4951774597167966
4.049552917480469 -2.47017765045166
4.05554428100586 -2.445906066894531
4.0611518859863285 -2.4215433120727536
4.066524505615234 -2.397127342224121
4.071556854248048 -2.3726390838623046
4.076367950439453 -2.3481063842773438
4.080899810791015 -2.323520469665527
4.085104370117188 -2.2988765716552733
4.089179992675781 -2.2742111206054685
4.092457580566407 -2.249427032470703
4.096076202392579 -2.224690246582031
4.100000000000001 -2.1999999999999997
4.100000000000001 -2.15
4.100000000000001 -2.0999999999999996
4.050000000000001 -2.05
4.0 -2.0
4.0 -2.0
4.010837554931641 -1.9722640991210936
4.012351226806642 -1.9473098754882812
4.01395263671875 -1.9223609924316403
4.015209197998047 -1.8973926544189452
4.016450500488281 -1.8724235534667968
4.017086029052734 -1.8474315643310546
4.017621612548828 -1.8224372863769531
4.0173995971679695 -1.7974384307861326
4.017022705078125 -1.7724411010742185
4.015784454345704 -1.74747200012207
4.0143684387207035 -1.7225120544433592
4.012136840820313 -1.6976119995117185
4.009722900390626 -1.6727287292480466
4.006700134277343 -1.6479122161865232
4.003472900390625 -1.6231212615966797
3.9996688842773445 -1.5984123229980467
3.995759582519531 -1.573719787597656
3.9913581848144535 -1.5491104125976562
3.9866294860839844 -1.5245616912841795
3.981454467773437 -1.5001029968261719
3.975545501708984 -1.475811386108398
3.968920898437501 -1.4517051696777346
3.95829086303711 -1.429077529907226
3.948343658447266 -1.4061420440673826
3.933187103271484 -1.386260223388672
3.914949035644531 -1.369161224365234
3.8961746215820323 -1.3526531219482418
3.8907005310058604 -1.3282596588134767
3.8818115234375004 -1.3048934936523438
3.8776107788085934 -1.2802486419677734
3.8671180725097667 -1.257557678222656
3.850403594970704 -1.2389663696289057
3.8324821472167976 -1.2215358734130861
3.8136032104492195 -1.2051471710205073
3.794768524169923 -1.1887077331542963
3.775034332275391 -1.1733592987060542
3.754537963867188 -1.1590457916259762
3.734253692626954 -1.1444316864013668
3.7133743286132823 -1.1306823730468745
3.6920852661132812 -1.1175758361816408
3.670594787597656 -1.1048030853271484
3.6493995666503913 -1.0915451049804688
3.6277420043945323 -1.0790576934814453
3.605682373046875 -1.0672943115234377
3.583525848388673 -1.055714797973633
3.5612220764160156 -1.0444206237792963
3.5386703491210945 -1.033631134033203
3.515990447998048 -1.0231143951416017
3.4932098388671875 -1.0128162384033201
3.4703613281249996 -1.0026695251464846
3.4474945068359375 -0.9925643920898439
3.424581909179688 -0.982564544677734
3.4015754699707035 -0.9727817535400387
3.3786056518554695 -0.9629127502441408
3.3556190490722653 -0.9530834197998042
3.331908416748048 -0.9451576232910153
3.308123779296876 -0.9374572753906252
3.2842971801757823 -0.9298900604248042
3.2604400634765636 -0.9224155426025389
3.236360168457031 -0.9156963348388674
3.212136840820312 -0.9095142364501951
3.1895927429199222 -0.8987075805664064
3.165579223632813 -0.8917552947998049
3.1410461425781246 -0.8869461059570307
3.1164794921874996 -0.8823093414306635
3.0919052124023434 -0.8777183532714838
3.0673858642578136 -0.8728374481201167
3.0429824829101566 -0.8674095153808592
3.0188331604003906 -0.8609436035156248
2.995176696777344 -0.8528583526611326
2.97178192138672 -0.8440441131591792
2.94744873046875 -0.8383098602294918
2.9232505798339847 -0.8320285797119142
2.899229431152344 -0.8251010894775392
2.8754188537597667 -0.8174816131591793
2.8519859313964844 -0.8087688446044918
2.8294837951660163 -0.7978759765624996
2.8055564880371104 -0.7906318664550778
2.781543731689453 -0.7836753845214846
2.7577377319335934 -0.7760433197021479
2.734466552734375 -0.7669082641601559
2.7118270874023445 -0.7563026428222654
2.687680053710938 -0.749827194213867
2.6636894226074226 -0.742797088623047
2.640084838867187 -0.7345600128173828
2.617185974121094 -0.7245292663574219
2.5948539733886715 -0.7132915496826167
2.5728759765625 -0.7013759613037109
2.550630187988281 -0.6899688720703123
2.528623962402344 -0.6781063079833984
2.5067367553710938 -0.666025924682617
2.4850624084472663 -0.6535671234130858
2.4629379272460943 -0.6419254302978512
2.440715789794922 -0.630472946166992
2.4185020446777346 -0.6190029144287106
2.3962738037109377 -0.6075611114501953
2.3742942810058594 -0.5956497192382812
2.3523414611816413 -0.5836875915527342
2.330442047119141 -0.5716293334960936
2.3085708618164062 -0.5595188140869141
2.2867919921875 -0.5472434997558588
2.26506576538086 -0.5348751068115227
2.2433731079101564 -0.5224483489990233
2.2217239379882816 -0.5099464416503903
2.2001579284667976 -0.4973007202148434
2.178579711914063 -0.4846763610839844
2.1569770812988285 -0.47209396362304634
2.1352180480957035 -0.4597827911376946
2.1135276794433597 -0.4473522186279295
2.091745758056641 -0.4350818634033198
2.069895935058594 -0.42293357849121094
2.0479858398437507 -0.4108940124511715
2.0262168884277347 -0.39860115051269496
2.0044021606445312 -0.38639030456542933
1.9825599670410163 -0.37422752380371094
1.9606956481933597 -0.3621063232421875
1.9389282226562505 -0.3498107910156243
1.9171379089355476 -0.337554931640625
1.8953277587890627 -0.3253356933593743
1.8735092163085945 -0.3131305694580071
1.8516815185546882 -0.30094299316406214
1.8299171447753908 -0.2886417388916014
1.8081405639648445 -0.27636299133300746
1.7863578796386719 -0.26409492492675746
1.7645721435546875 -0.25183181762695295
1.7428314208984377 -0.2394886016845703
1.7210845947265625 -0.22715644836425763
1.69933090209961 -0.21483726501464773
1.6775779724121094 -0.2025161743164059
1.6558601379394533 -0.1901329040527342
1.6341361999511719 -0.1777614593505854
1.612405395507813 -0.1654003143310545
1.590666198730469 -0.1530555725097651
1.5689537048339846 -0.14066314697265625
1.5472282409667972 -0.12829437255859322
1.5254890441894533 -0.11594886779785085
1.5037384033203125 -0.10362358093261648
1.4820175170898438 -0.09124565124511719
1.4602836608886722 -0.07889060974121076
1.4385391235351568 -0.06655502319335938
1.4167861938476562 -0.05423431396484357
1.395059967041016 -0.041866683959960405
1.3733192443847662 -0.029522705078124822
1.3515670776367195 -0.017200088500976207
1.3297920227050781 -0.004918289184569602
1.3080421447753912 0.007407379150390803
1.2862701416015625 0.019695281982421875
1.2644783020019537 0.03194656372070348
1.2426567077636719 0.04414596557617223
1.2208518981933594 0.056374740600586115
1.1990104675292974 0.06853828430175835
1.1770645141601568 0.08051300048828125
1.155038452148438 0.09233856201171875
1.1319442749023443 0.1019134521484375
1.1079879760742193 0.10906028747558594
1.0842102050781257 0.1167823791503908
1.0610008239746094 0.1260734558105474
1.0382438659667974 0.13642272949218803
1.01580810546875 0.14745216369628977
0.9911888122558601 0.15179748535156268
0.9665817260742191 0.15621337890625053
0.9420104980468755 0.16082344055175835
0.9175239562988287 0.16586418151855487
0.8931735992431644 0.17152633666992223
0.8690593719482429 0.17812194824218786
0.8454032897949224 0.18620910644531286
0.8225551605224615 0.19635581970214844
0.7980297088623054 0.20120277404785192
0.7735980987548832 0.20650291442871094
0.7492889404296879 0.21234054565429705
0.7250938415527344 0.2186332702636724
0.7010818481445318 0.22559165954589844
0.6774608612060549 0.23378028869628942
0.6545215606689458 0.24371910095214844
0.6325786590576179 0.2556983947753908
0.6093471527099616 0.2649349212646488
0.5861484527587892 0.2742515563964849
0.5638187408447273 0.28549423217773473
0.5427825927734382 0.2990024566650398
0.521657180786133 0.3123710632324226
0.4995689392089844 0.3240802764892585
0.4793468475341802 0.33877983093261754
0.4579097747802736 0.3516426086425781
0.43623580932617223 0.3641017913818363
0.41576232910156286 0.37844924926757884
0.3967403411865238 0.39467124938964915
0.37704734802246165 0.41007232666015625
0.356607818603516 0.424467849731446
0.3379905700683601 0.44115295410156286
0.3213504791259769 0.45981063842773473
0.30231819152832085 0.47602081298828125
0.29535140991210973 0.500030517578125
0.28607139587402397 0.5232444763183599
0.273518753051758 0.5448646545410156
0.2666996002197273 0.5689167022705082
0.2587436676025394 0.5926166534423833
0.2535045623779304 0.6170616149902344
0.24780158996582102 0.6414024353027346
0.24171562194824237 0.6656505584716799
0.2348819732666021 0.6896984100341799
0.2275238037109375 0.7135910034179691
0.21915626525878906 0.7371490478515632
0.20990791320800817 0.760375595092774
0.19975509643554723 0.7832210540771491
0.1898174285888672 0.8061611175537111
0.17962417602539116 0.828988647460938
0.16928710937500036 0.8517513275146484
0.15876388549804688 0.8744285583496101
0.14826736450195366 0.8971183776855476
0.13809165954589897 0.9199539184570318
0.12778282165527344 0.9427291870117189
0.1175758361816408 0.9655509948730474
0.10733909606933612 0.9883590698242193
0.09719505310058629 1.01120834350586
0.08698425292968803 1.0340278625488288
0.0768875122070316 1.0568984985351566
0.06658744812011719 1.0796783447265632
0.05624542236328178 1.1024383544921879
0.04578590393066406 1.1251457214355476
0.03516120910644549 1.147775268554688
0.02434272766113299 1.1703132629394535
0.013161849975586115 1.1926734924316413
0.0017799377441409803 1.2149330139160162
-0.009786605834960938 1.2370964050292974
-0.021248626708984197 1.2593132019042974
-0.03299407958984357 1.281382751464844
-0.0486499786376946 1.3008735656738288
-0.06579132080078054 1.319071960449219
-0.08369026184081996 1.3365249633789062
-0.09636840820312464 1.358071899414063
-0.11293754577636683 1.3767929077148438
-0.13582458496093697 1.386851501464844
-0.14558258056640572 1.4098686218261722
-0.15953674316406197 1.430612182617188
-0.18163909912109322 1.4422943115234377
-0.2016464233398434 1.457284545898438
-0.222178268432617 1.47154769897461
-0.24322204589843732 1.4850440979003912
-0.2643619537353512 1.4983901977539062
-0.2855865478515618 1.5116004943847656
-0.3069778442382809 1.5245399475097656
-0.3282535552978514 1.537667083740235
-0.34999999999999964 1.5500000000000007
-0.39999999999999947 1.6000000000000005
-0.4000000059604645 1.600000023841858
-0.36143722534179634 1.5791648864746097
-0.3536575317382811 1.6029235839843752
-0.33071823120117116 1.612862396240235
-0.30942878723144496 1.6259681701660158
-0.29037704467773384 1.6421554565429695
-0.2734134674072264 1.6605194091796882
-0.2565578460693354 1.6789825439453132
-0.2389881134033196 1.69676742553711
-0.22183341979980398 1.7149536132812502
-0.20492782592773384 1.7333702087402347
-0.18890342712402308 1.7525596618652344
-0.17270431518554652 1.7716018676757814
-0.1563617706298821 1.7905204772949226
-0.14497489929199148 1.8127761840820318
-0.13271331787109375 1.834562683105469
-0.12157554626464773 1.8569450378417969
-0.10728530883789045 1.8774581909179693
-0.09985542297363281 1.9013282775878908
-0.09099235534667915 1.9247047424316408
-0.08020057678222603 1.94725570678711
-0.06787071228027308 1.969003295898438
-0.04687843322753871 1.9825798034667974
-0.038214492797851385 2.0060302734375
-0.0261688232421875 2.0279373168945316
-0.010104751586913707 2.0470932006835945
0.001318740844727273 2.0693305969238285
0.014787673950195312 2.090392303466797
0.029619979858399148 2.1105171203613287
0.04755592346191406 2.1279319763183597
0.0557319641113283 2.1515571594238283
0.06705970764160174 2.1738441467285163
0.08230476379394602 2.1936576843261726
0.10689239501953196 2.198179626464844
0.12156257629394585 2.21842269897461
0.14062881469726562 2.2345924377441406
0.15110130310058612 2.257293701171875
0.1649883270263679 2.2780815124511724
0.18276443481445348 2.2956604003906254
0.20765991210937518 2.297942352294922
0.22380027770996147 2.3170333862304693
0.2445274353027349 2.331011962890625
0.25632171630859446 2.353054809570313
0.27211952209472656 2.3724311828613285
0.2923973083496101 2.387053680419922
0.30396766662597674 2.4092147827148445
0.31947555541992223 2.42882308959961
0.33917999267578125 2.4442100524902344
0.3641544342041021 2.4430801391601564
0.3885936737060547 2.437815093994141
0.40175323486328196 2.4590713500976564
0.4188522338867191 2.4773094177246096
0.43997421264648473 2.490682983398438
0.4525028228759771 2.512316894531251
0.4690692901611335 2.5310401916503906
0.4897228240966802 2.545126342773438
0.5145484924316408 2.5421783447265636
0.5372440338134767 2.552662658691407
0.5508506774902351 2.5736351013183594
0.568399047851563 2.591441345214845
0.5896553039550785 2.6046005249023434
0.6146465301513677 2.6039360046386726
0.6389682769775398 2.598152923583985
0.6625087738037116 2.6065704345703136
0.6860305786132814 2.615039062500001
0.7098789215087891 2.62253875732422
0.7335700988769531 2.630522918701173
0.7506393432617191 2.6487884521484375
0.7712497711181641 2.6629379272460945
0.7940837860107424 2.673117065429688
0.8188114166259766 2.6767959594726562
0.8435909271240236 2.6801094055175785
0.8683906555175787 2.676950836181641
0.8931755065917972 2.6736785888671886
0.9181373596191413 2.6750656127929684
0.9427093505859379 2.6796699523925778
0.9672912597656254 2.675116729736329
0.9901794433593754 2.665060424804688
1.0144905090332035 2.659231567382813
1.038584899902344 2.6525634765625004
1.0633422851562502 2.64908676147461
1.0881095886230474 2.6456886291503903
1.113076782226563 2.646969604492188
1.1380561828613285 2.6479850769042965
1.1629615783691412 2.6458061218261726
1.1878738403320312 2.6437149047851562
1.2128677368164062 2.643179321289063
1.23785400390625 2.6423362731933597
1.262785339355469 2.640482330322266
1.287688446044922 2.638284301757812
1.3125114440917969 2.6353195190429695
1.337290954589844 2.6320037841796875
1.3619842529296875 2.628101348876953
1.386625671386719 2.6238830566406257
1.4111961364746097 2.6192680358886715
1.4357223510742188 2.614421844482422
1.4601692199707035 2.60919189453125
1.4846160888671882 2.603963470458984
1.5072753906250007 2.5934013366699222
1.5308166503906255 2.5849868774414073
1.5544265747070316 2.5767662048339854
1.5784729003906257 2.569927215576172
1.6008773803710943 2.5588340759277344
1.623330688476563 2.547841644287109
1.6455818176269537 2.536444854736329
1.6704742431640627 2.5387619018554695
1.6841140747070318 2.517810821533203
1.6818565368652347 2.4929130554199226
1.700235748291016 2.5098602294921886
1.7205978393554693 2.5243652343750007
1.7422752380371094 2.5368171691894528
1.7669692993164068 2.5407165527343754
1.791685485839844 2.54447479248047
1.8166275024414062 2.5461769104003906
1.8415969848632816 2.5474060058593757
1.8665306091308596 2.545584106445313
1.891365814208985 2.542715454101563
1.915863037109375 2.537726593017579
1.9348731994628912 2.553961944580079
1.9590919494628913 2.5601646423339854
1.9829467773437504 2.5676445007324222
2.0070571899414062 2.5742538452148445
2.0301651000976566 2.5837944030761726
2.048786163330078 2.600474548339845
2.072549438476563 2.6082405090332035
2.0959533691406254 2.6170303344726573
2.118325805664063 2.6281875610351566
2.128284454345703 2.6511184692382823
2.1402328491210945 2.6730781555175778
2.16356430053711 2.682057952880859
2.1858238220214847 2.693439483642578
2.188779449462891 2.7182640075683597
2.1886528015136726 2.74326400756836
2.213009643554688 2.748898315429688
2.224812316894532 2.7709373474121097
2.2358047485351564 2.7933906555175785
2.241842651367188 2.8176506042480476
2.2481643676757814 2.84183807373047
2.261871337890625 2.8627456665039066
2.2753021240234377 2.883831024169922
2.2872848510742188 2.905772399902345
2.3017707824707037 2.926148223876954
2.315580749511719 2.9469871520996094
2.3282096862792976 2.9685630798339844
2.3407356262207033 2.9901985168457035
2.354296875 3.011200714111329
2.3673217773437507 3.032540130615235
2.378903198242188 3.0546951293945312
2.3905158996582037 3.0768348693847667
2.403756713867188 3.098040771484376
2.4157562255859375 3.1199722290039062
2.427347564697266 3.1421226501464847
2.437713623046875 3.1648727416992184
2.4502609252929695 3.1864952087402347
2.465364074707032 3.206417846679688
2.4776077270507812 3.2282142639160156
2.4776435852050787 3.253214263916016
2.5012664794921875 3.2613960266113278
2.5239692687988278 3.2718650817871104
2.5456108093261722 3.2843803405761722
2.5462165832519528 3.3093727111816413
2.5419052124023445 3.3339988708496104
2.5663169860839847 3.339392852783204
2.574920654296875 3.362865447998047
2.5790344238281246 3.3875251770019528
2.602996063232423 3.394654083251954
2.6132324218750007 3.4174621582031257
2.6265434265136722 3.4386245727539073
2.6514358520507812 3.4409332275390625
2.662995910644531 3.4631004333496094
2.6782356262207028 3.482918548583985
2.6975120544433597 3.498837280273438
2.719044494628907 3.5115394592285156
2.740316772460938 3.5246734619140625
2.754638671875 3.545164489746094
2.7758102416992188 3.558459472656251
2.7970619201660156 3.571626281738281
2.818623352050782 3.584280395507813
2.84014892578125 3.596994781494141
2.8620246887207035 3.6090957641601573
2.883828735351562 3.621326446533203
2.90623016357422 3.632424926757812
2.9284606933593746 3.6438621520996097
2.9512458801269528 3.6541488647460945
2.9740676879882812 3.6643547058105472
2.996927642822266 3.674475860595704
3.019916534423828 3.6843002319335945
3.0428848266601562 3.6941703796386722
3.0655769348144535 3.704662322998047
3.0882812499999996 3.715127563476562
3.111054992675781 3.725440216064454
3.133816528320313 3.7357810974121097
3.156614685058594 3.7460388183593754
3.179229736328125 3.756694793701172
3.2018913269042972 3.76725311279297
3.2245437622070323 3.7778297424316403
3.247189331054688 3.788420867919923
3.2698318481445323 3.7990188598632812
3.294717407226562 3.8014068603515625
3.3196083068847653 3.8037445068359386
3.3445091247558594 3.805967712402344
3.3694213867187504 3.808055114746095
3.3943435668945323 3.810029602050781
3.419277954101563 3.8118438720703125
3.4442192077636715 3.8135505676269528
3.4691719055175785 3.815092468261719
3.494130706787109 3.816527557373048
3.5190986633300785 3.8177947998046875
3.5440719604492195 3.8189468383789062
3.5690559387207035 3.8198295593261715
3.594043731689453 3.820618438720704
3.6190437316894535 3.8206604003906257
3.64404296875 3.8208877563476573
3.669036102294923 3.8214775085449215
3.6940223693847667 3.8223022460937504
3.718995666503906 3.8234474182128917
3.7439491271972667 3.8249732971191417
3.7688659667968754 3.8270088195800778
3.793721771240234 3.8296958923339854
3.8181068420410167 3.835204315185548
3.835785675048829 3.8528808593750004
3.8554862976074222 3.8682716369628913
3.8750350952148445 3.8838562011718754
3.8944168090820312 3.899646759033203
3.9129104614257812 3.9164688110351573
3.931428527832031 3.9332633972167965
3.950000000000001 3.950000000000001
4.0 4.0
4.0 4.0
